<?xml version="1.0"?>
<opencv_storage>
<R type_id="opencv-matrix">
  <rows>3</rows>
  <cols>3</cols>
  <dt>d</dt>
  <data>
    9.9981874999563758e-001 -9.7680539148641395e-005
    1.9038319665171270e-002 1.6854886726427510e-004
    9.9999306346306993e-001 -3.7208355276745686e-003
    -1.9037824151943397e-002 3.7233700134331246e-003
    9.9981183117989902e-001</data></R>
<T type_id="opencv-matrix">
  <rows>3</rows>
  <cols>1</cols>
  <dt>d</dt>
  <data>
    -5.8731290790619117e-002 -1.1665671639337214e-004
    6.3972763547097335e-004</data></T>
<E type_id="opencv-matrix">
  <rows>3</rows>
  <cols>3</cols>
  <dt>d</dt>
  <data>
    2.1130646845238657e-006 -6.4015755409628939e-004
    -1.1425444392259592e-004 -4.7850430145420593e-004
    2.1861583803967115e-004 5.8732418732150779e-002
    1.0673647982728933e-004 -5.8730894793942549e-002
    2.2075042121770806e-004</data></E>
<F type_id="opencv-matrix">
  <rows>3</rows>
  <cols>3</cols>
  <dt>d</dt>
  <data>
    -2.1453927122806119e-006 6.5046596093905351e-004
    -2.4313266160153368e-001 4.8634082868579580e-004
    -2.2237204864371853e-004 -4.2511713480415295e+001
    -3.1584530239909991e-001 4.1779243472679966e+001 1.</data></F>
<R1 type_id="opencv-matrix">
  <rows>3</rows>
  <cols>3</cols>
  <dt>d</dt>
  <data>
    9.9996516195517304e-001 1.8479145730490999e-003
    8.1400299566621020e-003 -1.8326877613812705e-003
    9.9999655779770469e-001 -1.8776709805479654e-003
    -8.1434717126006480e-003 1.8626874328833236e-003
    9.9996510652321924e-001</data></R1>
<R2 type_id="opencv-matrix">
  <rows>3</rows>
  <cols>3</cols>
  <dt>d</dt>
  <data>
    9.9993871025231351e-001 1.9861570376135521e-003
    -1.0891782184825539e-002 -1.9657834899826248e-003
    9.9999629889209907e-001 1.8809299227502368e-003
    1.0895477695367766e-002 -1.8594037554344382e-003
    9.9993891372596544e-001</data></R2>
<P1 type_id="opencv-matrix">
  <rows>3</rows>
  <cols>4</cols>
  <dt>d</dt>
  <data>
    -1.1219601781437330e+001 0. 6.4553460693359375e+002 0. 0.
    -1.1219601781437330e+001 5.1654811096191406e+002 0. 0. 0. 1. 0.</data></P1>
<P2 type_id="opencv-matrix">
  <rows>3</rows>
  <cols>4</cols>
  <dt>d</dt>
  <data>
    -1.1219601781437330e+001 0. 6.4553460693359375e+002
    6.5898208362617960e-001 0. -1.1219601781437330e+001
    5.1654811096191406e+002 0. 0. 0. 1. 0.</data></P2>
<Q type_id="opencv-matrix">
  <rows>4</rows>
  <cols>4</cols>
  <dt>d</dt>
  <data>
    1. 0. 0. -6.4553460693359375e+002 0. 1. 0. -5.1654811096191406e+002
    0. 0. 0. -1.1219601781437330e+001 0. 0. 1.7025655264706511e+001 0.</data></Q>
<RMS>4.2777356505393982e-001</RMS>
</opencv_storage>
